"cname","year","ccode","ccodealp","id","eper"
"Argentina",1990,32,"ARG",1,1,1,6.93,2.59,0.57,3,NA,4,3,3,-1,3
"Australia",1990,36,"AUS",2,1,1,10.42,2.28,0.91,3,20.50386266,4,2,3,1.5,1
"Austria",1990,40,"AUT",3,1,2,0.93,2.63,0.77,3,21.86753735,2,2,2,2,1
"Bahamas",1990,44,"BHS",4,1,1,10.2,1.97,NA,1,NA,2,1,2,1.5,1
"Barbados",1990,52,"BRB",5,1,1,29.35,1.25,NA,1,NA,2,1,2,0,1
"Belgium",1990,56,"BEL",6,1,4,3.24,7.13,0.83,2,5.995358469,3,2,2,0,1
"Benin",1991,204,"BEN",7,1,1,3.39,8.83,0.64,1,5.1,1,1,2,-1.5,3
"Botswana",1990,72,"BWA",8,1,1,22.86,1.19,0.57,1,0.91,3,1,2,2.5,1
"Bulgaria",1991,100,"BGR",9,1,3,12.5,2.41,0.75,1,NA,1,2,2,2.5,1
"Canada",1990,124,"CAN",10,1,1,11.33,2.33,0.88,3,46.19984416,3,3,3,-2,1
"Cape Verde",1991,132,"CPV",11,1,1,7.85,1.7,NA,1,NA,1,1,2,1,2
"Chile",1990,152,"CHL",12,1,1,7.09,5.31,0.71,1,NA,4,1,2,0.5,3
"Costa Rica",1990,188,"CRI",13,1,1,3.25,2.21,0.52,1,NA,1,3,2,-1.5,3
"Croatia",2000,191,"HRV",14,1,4,5.65,4.01,0.75,1,11.0608825683594,1,2,2,2,1
"Czech Republic",1993,203,"CZE",15,1,2,8.57,4.8,0.94,1,9.116647662,2,2,2,-1,1
"Denmark",1990,208,"DNK",16,1,3,2.34,5.31,0.94,1,31.02303483,1,1,2,1,1
"Dominican Republic",1998,214,"DOM",17,0,1,NA,NA,0.51,1,NA,4,1,2,0,3
"El Salvador",1997,222,"SLV",18,1,1,4.57,4.03,0.55,1,5.29,1,1,2,0.5,3
"Estonia",1993,233,"EST",19,1,2,7.23,5.9,0.77,1,NA,1,2,2,-0.25,1
"Finland",1990,246,"FIN",20,1,4,4.98,4.93,0.74,1,21.4638725,1,1,2,-1.5,2
"France",1990,250,"FRA",21,1,3,11.84,3.07,0.77,1,9.267915324,3,2,2,-0.5,2
"Germany",1991,276,"DEU",22,1,2,4.63,3.17,0.94,3,28.66886078,4,3,2,0,1
"Ghana",2000,288,"GHA",23,1,1,7.88,2.18,0.49,1,NA,1,1,2,1.5,3
"Greece",1990,300,"GRC",24,1,4,3.94,2.32,0.94,1,1.145393642,1,1,2,0,1
"Hungary",1990,348,"HUN",25,1,4,13.75,3.77,0.77,1,NA,2,3,2,5,2
"Iceland",1990,352,"ISL",26,1,2,2.31,5.34,NA,1,20.26241604,1,1,1,0.5,1
"India",1990,356,"IND",27,1,3,8.11,4.13,0.8,3,NA,3,3,2,0,1
"Ireland",1990,372,"IRL",28,1,3,3.85,2.94,0.8,1,2.507332071,2,1,2,2.5,1
"Israel",1990,376,"ISR",29,1,4,2.53,4.38,0.89,2,NA,1,2,1,0,1
"Italy",1990,380,"ITA",30,1,4,2.52,4.07,0.91,1,2.90238174,3,1,2,6.5,1
"Jamaica",1990,388,"JAM",31,1,1,18.36,1.6,0.76,1,NA,2,1,2,-0.5,1
"Japan",1990,392,"JPN",32,1,1,7.22,2.58,0.88,1,25.56914556,3,1,3,0.5,1
"Korea",1990,410,"KOR",33,1,1,7.5,3.54,0.8,1,21.79,1,2,2,0,3
"Latvia",1994,428,"LVA",34,1,3,4.14,5.05,0.8,1,NA,1,2,2,4.5,1
"Lithuania",1991,440,"LTU",35,0,4,NA,NA,0.8,1,NA,1,2,2,8,2
"Luxembourg",1990,442,"LUX",36,1,2,5.03,3.77,NA,1,6.228096426,1,1,2,-1,1
"Mali",1995,466,"MLI",37,1,1,15.67,2.13,0.43,1,NA,1,1,2,-0.5,2
"Malta",1990,470,"MLT",38,1,1,0.34,2,NA,1,NA,1,1,2,-1.5,1
"Mauritius",1990,480,"MUS",39,1,4,11.65,3.48,0.71,1,NA,1,2,2,1.5,1
"Mexico",2000,484,"MEX",40,1,1,6.7,2.54,0.41,3,22.2000002861023,4,2,2,-0.5,3
"Mongolia",1991,496,"MNG",41,0,4,NA,NA,0.86,1,NA,1,1,2,-0.5,2
"Namibia",1990,516,"NAM",42,1,1,0.93,2.41,0.63,1,NA,2,1,2,0,3
"Netherlands",1990,528,"NLD",43,1,2,0.9,3.75,0.8,2,2.375266177,3,1,2,-1.5,1
"New Zealand",1990,554,"NZL",44,1,1,8.89,1.94,0.91,1,6.0853928,1,1,1,-0.5,1
"Norway",1990,578,"NOR",45,1,3,3.67,4.23,0.83,1,20.39415265,1,1,2,-2,1
"Panama",1994,591,"PAN",46,1,1,15.24,4.33,0.54,1,74.86,1,1,2,1.5,3
"Poland",1990,616,"POL",47,0,4,NA,NA,0.88,1,NA,3,3,2,0,2
"Portugal",1990,620,"PRT",48,1,2,6.12,2.37,0.59,1,5.551677768,1,1,2,-1.5,2
"Romania",1996,642,"ROU",49,1,3,6.34,4.78,0.72,1,9.59310159,3,1,2,0.5,2
"Slovakia",1998,703,"SVK",50,1,2,2.9,4.75,0.8,1,1.400016891,1,2,2,2,1
"Slovenia",1991,705,"SVN",51,1,2,2.94,8.21,0.75,1,NA,3,2,2,2,1
"South Africa",1994,710,"ZAF",52,1,1,0.36,2.21,0.72,2,NA,4,2,3,-1,1
"Spain",1990,724,"ESP",53,1,3,9.35,2.85,0.74,2,12.61187791,3,2,2,-0.5,1
"Suriname",2000,740,"SUR",54,1,1,13.7,2.15,NA,1,NA,1,1,2,-1,3
"Sweden",1990,752,"SWE",55,1,3,2.45,3.67,0.72,1,29.23687055,1,1,2,-0.5,1
"Switzerland",1990,756,"CHE",56,1,4,3.78,5.74,0.67,3,42.09955797,4,1,3,13.5,2
"Taiwan",1996,158,"TWN",57,1,1,5.54,2.54,0.77,1,NA,1,2,3,0,2
"Trinidad and Tobago",1990,780,"TTO",58,1,1,24.57,1.18,0.66,1,NA,3,1,2,0,1
"United Kingdom",1990,826,"GBR",59,1,1,14.95,2.17,0.91,1,6.98864703,2,1,1,-1,1
"United States",1990,840,"USA",60,1,1,5.55,1.93,0.83,3,33.24401024,4,3,3,0,3
"Uruguay",1990,858,"URY",61,1,1,0.54,3.33,0.74,1,NA,3,1,2,7.5,3

