cname	p1990	p1991	p1992	p1993	p1994	p1995	p1996	p1997	p1998	p1999	p2000	p2001	p2002	p2003	p2004	p2005	p2006	p2007	p2008	p2009	p2010	p2011	p2012	p2013	p2014	p2015
Argentina	2.59	2.59	2.87	2.87	2.77	2.77	2.83	2.83	3.30	3.30	2.55	2.55	2.84	2.84	3.92	3.92	5.32	5.32	2.89	2.89	3.59	3.59	2.70	2.70	7.50	7.50
Australia	2.28	2.35	2.35	2.35	2.39	2.39	2.39	2.62	2.62	2.48	2.48	2.48	2.49	2.49	2.49	2.44	2.44	2.44	2.25	2.25	2.25	2.92	2.92	2.92	3.23	3.23
Austria	2.63	2.99	2.99	2.99	2.99	3.73	3.49	3.49	3.49	3.49	3.41	3.41	3.41	2.88	2.88	2.88	2.88	3.38	3.38	4.24	4.24	4.24	4.24	4.24	4.59	4.59
Bahamas	1.97	1.97	1.97	1.79	1.79	1.79	1.79	1.79	1.34	1.34	1.34	1.34	1.34	1.79	1.79	1.79	1.79	1.79	1.97	1.97	1.97	1.97	1.97	1.57	1.57	1.57
Barbados	1.25	1.25	1.85	1.85	1.85	1.84	1.84	1.84	1.84	1.84	1.15	1.15	1.15	1.15	1.56	1.56	1.56	1.56	1.56	1.80	1.80	1.80	1.80	1.80	1.99	1.99
Belgium	7.13	7.13	8.41	8.41	8.41	8.41	8.03	8.03	8.03	8.03	9.05	9.05	9.05	9.05	7.03	7.03	7.03	7.03	7.91	7.91	7.91	8.42	8.42	8.42	8.42	7.82
Benin		8.83	8.83	8.83	8.83	8.83	6.68	6.68	6.68	6.68	4.70	4.70	4.70	4.70												
Botswana	1.19	1.19	1.19	1.19	1.19	1.78	1.78	1.78	1.78	1.78	1.42	1.42	1.42	1.42	1.42	1.56	1.56	1.56	1.56	1.56	1.56	1.56	1.56	1.56	1.56	1.95
Bulgaria		2.41	2.41	2.41	2.41	2.73	2.73	2.73	2.52	2.52	2.52	2.92	2.92	2.92	2.92	4.80	4.80	4.80	4.80	4.80	3.34	3.34	3.34	3.34	3.15	5.06
Canada	2.33	2.33	2.33	2.33	2.35	2.35	2.35	2.35	2.98	2.98	2.98	2.54	2.54	2.54	2.54	3.03	3.03	3.22	3.22	3.15	3.15	3.15	2.41	2.41	2.41	2.41
Cape Verde		1.70	1.70	1.70	1.70	1.70	3.15	3.15	3.15	3.15	3.15	3.15	2.07	2.07	2.07	2.07	2.07	2.05	2.05	2.05	2.05	2.05	2.10	2.10	2.10	2.10
Chile	5.31	5.31	5.31	5.31	4.97	4.97	4.97	4.97	5.40	5.40	5.40	5.40	5.94	5.94	5.94	5.94	5.59	5.59	5.59	5.59	5.64	5.64	5.64	5.64	2.09	2.09
Costa Rica	2.21	2.21	2.21	2.21	2.21	2.30	2.30	2.30	2.30	2.56	2.56	2.56	2.56	3.68	3.68	3.68	3.68	3.23	3.23	3.23	3.23	3.90	3.90	3.90	3.90	4.92
Croatia											4.01	4.01	4.01	4.01	3.56	3.56	3.56	3.56	3.07	3.07	3.07	3.07	2.59	2.59	2.59	2.59
Czech Republic			4.80	4.80	4.80	4.80	4.80	4.15	4.15	3.71	3.71	3.71	3.71	3.67	3.67	3.67	3.67	3.10	3.10	3.10	3.10	4.51	4.51	4.51	6.12	6.12
Denmark	5.31	4.36	4.36	4.36	4.36	4.54	4.54	4.54	4.54	4.71	4.71	4.71	4.48	4.48	4.48	4.48	4.89	4.89	5.33	5.33	5.33	5.33	5.61	5.61	5.61	5.61
Dominican Republic													2.71	2.71	2.71	2.71	2.71	1.99	1.99	1.99	1.99	2.01	2.01	2.01	2.01	2.01
El Salvador								4.03	4.03	4.03	4.03	3.49	3.49	3.49	3.54	3.54	3.54	3.04	3.04	3.04	2.94	2.94	2.94	3.19	3.19	3.19
Estonia				5.90	5.90	5.90	4.15	4.15	4.15	4.15	5.50	5.50	5.50	5.50	4.67	4.67	4.67	4.67	4.37	4.37	4.37	4.37	3.84	3.84	3.84	3.84
Finland	4.93	4.93	5.23	5.23	5.23	5.23	4.88	4.88	4.88	4.88	5.15	5.15	5.15	5.15	4.93	4.93	4.93	4.93	5.13	5.13	5.13	5.13	5.83	5.83	5.83	5.83
France	3.07	3.07	3.07	3.07	2.86	2.86	2.86	2.86	3.54	3.54	3.54	3.54	3.54	2.26	2.26	2.26	2.26	2.26	2.49	2.49	2.49	2.49	2.49	2.83	2.83	2.83
Germany		3.17	3.17	3.17	3.17	3.45	3.45	3.45	3.45	3.31	3.31	3.31	3.31	3.38	3.38	3.38	4.05	4.05	4.05	4.05	4.83	4.83	4.83	4.83	3.51	3.51
Ghana											2.18	2.18	2.18	2.18	2.18	2.10	2.10	2.10	2.10	2.12	2.12	2.12	2.12	2.04	2.04	2.04
Greece	2.32	2.37	2.37	2.37	2.17	2.17	2.17	2.36	2.36	2.36	2.36	2.21	2.21	2.21	2.21	2.19	2.19	2.19	2.62	2.62	2.59	2.59	2.59	3.76	3.76	3.76
Hungary	3.77	3.77	3.77	3.77	3.77	2.90	2.90	2.90	2.90	2.70	2.70	2.70	2.70	2.70	2.70	2.70	2.70	2.70	2.70	2.70	2.70	2.70	2.70	2.70	2.70	2.01
Iceland	5.34	5.34	3.78	3.78	3.78	3.78	3.95	3.95	3.95	3.95	3.45	3.45	3.45	3.45	3.71	3.71	3.71	3.71	3.62	3.62	4.18	4.18	4.18	4.18	4.43	4.43
India	4.13	4.13	3.60	3.60	3.60	3.60	3.60	5.83	5.83	5.31	5.88	5.88	5.88	5.88	5.88	6.52	6.52	6.52	6.52	6.52	5.01	5.01	5.01	5.01	5.01	3.45
Ireland	2.94	2.94	2.94	3.46	3.46	3.46	3.46	3.46	3.00	3.00	3.00	3.00	3.00	3.38	3.38	3.38	3.38	3.38	3.03	3.03	3.03	3.03	3.52	3.52	3.52	3.52
Israel	4.38	4.38	4.38	4.39	4.39	4.39	4.39	5.61	5.61	5.61	8.69	8.69	8.69	8.69	6.17	6.17	6.17	7.84	7.84	7.84	6.77	6.77	6.77	6.77	7.28	7.28
Italy	4.07	4.07	4.07	5.71	5.71	7.67	7.67	6.09	6.09	6.09	6.09	6.09	5.30	5.30	5.30	5.30	5.30	5.06	5.06	3.07	3.07	3.07	3.07	3.07	3.47	3.47
Jamaica	1.60	1.60	1.60	1.60	1.30	1.30	1.30	1.30	1.34	1.34	1.34	1.34	1.34	1.95	1.95	1.95	1.95	1.95	1.98	1.98	1.98	1.98	1.80	1.80	1.80	1.80
Japan	2.58	2.71	2.71	2.71	4.20	4.20	4.20	2.94	2.94	2.94	2.94	3.17	3.17	3.17	2.59	2.59	2.27	2.27	2.27	2.27	2.10	2.10	2.10	2.10	2.10	2.42
Korea	3.54	3.54	3.54	2.74	2.74	2.74	2.74	3.16	3.16	3.16	3.16	2.39	2.39	2.39	2.39	2.36	2.36	2.36	2.36	2.36	2.36	2.36	2.36	2.28	2.28	2.28
Latvia					5.05	5.05	7.59	7.59	7.59	5.49	5.49	5.49	5.49	5.02	5.02	5.02	5.02	6.00	6.00	6.00	6.00	3.93	4.52	4.52	4.52	5.13
Lithuania			2.99	2.99	2.99	2.99	2.99	3.41	3.41	3.41	3.41	4.22	4.22	4.22	4.22	5.46	5.46	5.46	5.46	5.78	5.78	5.78	5.78	5.28	5.28	5.28
Luxembourg	3.77	3.77	3.77	3.77	3.77	3.90	3.90	3.90	3.90	3.90	4.34	4.34	4.34	4.34	4.34	3.81	3.81	3.81	3.81	3.81	3.63	3.63	3.63	3.63	3.93	3.93
Mali						2.13	2.13	2.13																		
Malta	2.00	2.00	2.00	2.00	2.00	2.00	2.00	2.00	2.00	1.99	1.99	1.99	1.99	1.99	1.99	1.99	1.99	1.99	1.99	2.00	2.00	2.00	2.00	2.00	1.97	1.97
Mauritius	3.48	3.48	2.61	2.61	2.61	2.61	2.34	2.34	2.34	2.34	2.34	3.00	3.00	3.00	3.00	3.00	2.87	2.87	2.87	2.87	2.87	2.00	2.00	2.00	2.00	1.66
Mexico											2.54	2.54	2.54	2.54	2.76	2.76	2.76	3.03	3.03	3.03	2.75	2.75	2.75	2.80	2.80	2.80
Mongolia				1.17	1.17	1.17	1.17	1.85	1.85	1.85	1.85	1.11	1.11	1.11	1.11	2.22	2.22	2.22	2.22	2.05	2.05	2.05	2.05	2.95	2.95	2.95
Namibia	2.41	2.41	2.41	2.41	2.41	1.71	1.71	1.71	1.71	1.71	1.66	1.66	1.66	1.66	1.66	1.68	1.68	1.68	1.68	1.68	1.73	1.73	1.73	1.73	1.73	1.54
Netherlands	3.75	3.75	3.75	3.75	3.75	5.42	5.42	5.42	5.42	4.81	4.81	4.81	4.81	5.79	4.74	4.74	4.74	5.54	5.54	5.54	5.54	6.74	6.74	5.70	5.70	5.70
New Zealand	1.94	1.74	1.74	1.74	2.16	2.16	2.16	3.76	3.76	3.76	3.45	3.45	3.45	3.76	3.76	3.76	2.98	2.98	2.98	2.78	2.78	2.78	2.98	2.98	2.98	2.96
Norway	4.23	4.23	4.23	4.23	4.04	4.04	4.04	4.04	4.36	4.36	4.36	4.36	5.35	5.35	5.35	5.35	4.56	4.56	4.56	4.56	4.07	4.07	4.07	4.07	4.39	4.39
Panama					4.33	4.33	4.33	4.33	4.33	4.33	3.26	3.26	3.26	3.26	3.26	2.70	2.70	2.70	2.70	2.70	3.66	3.66	3.66	3.66	3.66	3.01
Poland		10.86	10.86	10.86	3.88	3.88	3.88	3.88	2.95	2.95	2.95	2.95	3.60	3.60	3.60	4.26	4.26	4.26	2.82	2.82	2.82	2.82	3.00	3.00	3.00	3.00
Portugal	2.37	2.37	2.23	2.23	2.23	2.23	2.55	2.55	2.55	2.55	2.61	2.61	2.61	2.50	2.50	2.50	2.56	2.56	2.56	2.56	3.13	3.13	2.93	2.93	2.93	2.93
Romania						4.78	4.78	4.31	4.31	4.31	4.31	3.56	3.56	3.56	3.56	3.36	3.36	3.36	3.36	3.60	3.60	3.60	3.60	2.12	2.12	2.12
Slovakia									4.75	4.75	4.75	4.75	4.75	6.12	6.12	6.12	6.12	4.81	4.81	4.81	4.81	4.01	4.01	2.85	2.85	2.85
Slovenia		8.21	8.21	6.61	6.61	6.61	6.61	5.53	5.53	5.53	5.53	4.86	4.86	4.86	4.86	4.90	4.90	4.90	4.90	4.23	4.23	4.23	4.73	4.73	4.73	3.97
South Africa					2.21	2.21	2.21	2.21	2.21	2.21	2.15	2.15	2.15	2.15	2.15	1.97	1.97	1.97	1.97	1.97	2.12	2.12	2.12	2.12	2.12	2.26
Spain	2.85	2.85	2.85	2.85	2.67	2.67	2.67	2.72	2.72	2.72	2.72	2.48	2.48	2.48	2.48	2.53	2.53	2.53	2.53	2.36	2.36	2.36	2.60	2.60	2.60	2.60
Suriname											2.15	2.15	2.15	2.15	2.15	2.15	3.20	3.20	3.20	3.20	3.20	3.21	3.21	3.21	3.21	3.21
Sweden	3.67	3.67	4.19	4.19	4.19	3.50	3.50	3.50	3.50	4.29	4.29	4.29	4.29	4.23	4.23	4.23	4.23	4.15	4.15	4.15	4.15	4.54	4.54	4.54	4.54	4.99
Switzerland	5.74	5.74	6.70	6.70	6.70	6.70	5.60	5.60	5.60	5.60	5.16	5.16	5.16	5.16	5.01	5.01	5.01	5.01	4.97	4.97	4.97	4.97	5.57	5.57	5.57	5.57
Taiwan							2.54	2.54	2.54	2.49	2.49	2.49	3.47	3.47	3.47	3.26	3.26	3.26	3.26	1.75	1.75	1.75	1.75	2.23	2.23	2.23
Trinidad and Tobago	1.18	1.18	2.11	2.11	2.11	2.11	2.23	2.23	2.23	2.23	2.23	2.10	2.00	1.98	1.98	1.98	1.98	1.98	1.87	1.87	1.87	1.87	1.87	1.87	1.87	1.87
United Kingdom	2.17	2.17	2.17	2.27	2.27	2.27	2.27	2.27	2.13	2.13	2.13	2.13	2.17	2.17	2.17	2.17	2.46	2.46	2.46	2.46	2.46	2.57	2.57	2.57	2.57	2.57
United States	1.93	1.91	1.91	1.94	1.94	2.00	2.00	2.00	2.00	2.01	2.01	2.02	2.02	2.00	2.00	2.00	2.00	1.99	1.99	1.94	1.94	1.97	1.97	1.99	1.99	1.96
Uruguay	3.33	3.33	3.33	3.33	3.33	3.30	3.30	3.30	3.30	3.30	3.07	3.07	3.07	3.07	3.07	2.39	2.39	2.39	2.39	2.39	2.65	2.65	2.65	2.65	2.65	2.65
